mod_2 : 00:00:00.2226674
mod_3 : 00:00:00.1728092
mod_4 : 00:00:00.1928191
mod_5 : 00:00:00.1786129
mod_6 : 00:00:00.1658809
mod_7 : 00:00:00.1686400
mod_8 : 00:00:00.1667674

mod_2 : 00:00:00.1672524
mod_3 : 00:00:00.1581839
mod_4 : 00:00:00.1739188
mod_5 : 00:00:00.1640496
mod_6 : 00:00:00.1589440
mod_7 : 00:00:00.1572819
mod_8 : 00:00:00.1646924

