mod_2 : 00:00:00.5114269
mod_3 : 00:00:00.5283205
mod_4 : 00:00:00.4656301
mod_5 : 00:00:00.4790203
mod_6 : 00:00:00.4703076
mod_7 : 00:00:00.4907629
mod_8 : 00:00:00.4658038

